31.7 0.570826
28.3 0.463799
25.3 0.351992
22.6 0.342568
20.2 0.335097
18.0 0.330021
16.1 0.325845
14.4 0.328571
12.9 0.326724
11.5 0.329911
10.3 0.328391
9.2 0.327522
8.2 0.330079
7.3 0.334027
6.6 0.330035
5.9 0.339635
5.2 0.340876
4.7 0.335784
4.2 0.339433
3.7 0.340839
3.3 0.34289
3.0 0.346598
2.7 0.345768
2.4 0.356913
2.1 0.356757
1.9 0.352823
1.7 0.343115
1.5 0.35101
1.3 0.345609
1.2 0.352381
1.1 0.361702
1.0 0.361111
0.9 0.373333
0.8 0.378109
0.7 0.379888
0.6 0.38125
0.5 0.391608
0.5 0.40625
0.4 0.412281
0.4 0.421569
