159.8 0.104172
160.1 0.104
160.2 0.104614
159.8 0.104603
158.0 0.106642
144.1 0.116438
132.5 0.124273
121.2 0.133623
110.6 0.145118
100.8 0.158502
91.9 0.173336
83.8 0.188075
76.5 0.201057
69.9 0.216628
63.7 0.230769
58.1 0.245933
53.0 0.258561
48.3 0.269094
44.0 0.275587
40.1 0.270196
38.0 0.26915
31.7 0.223949
31.7 0.223922
28.3 0.150351
26.4 0.106358
25.3 0.0971782
22.6 0.100186
22.0 0.0961538
20.2 0.0897921
18.4 0.0897196
18.0 0.0886022
16.1 0.083491
15.3 0.0854722
14.4 0.089177
12.9 0.089402
12.8 0.0890882
11.5 0.092114
10.6 0.0870968
10.3 0.0863923
9.2 0.0863787
8.9 0.0902837
8.2 0.0897674
7.4 0.0969072
7.3 0.0968246
6.6 0.085032
5.9 0.0998043
5.2 0.100804
4.7 0.0850368
4.2 0.0897436
3.7 0.0922131
3.3 0.0929966
3.0 0.0938303
2.7 0.0948276
2.4 0.114332
2.1 0.110108
1.9 0.10303
1.7 0.0950226
1.5 0.0987342
1.3 0.0965909
1.2 0.111465
1.1 0.117438
1.0 0.131474
0.9 0.15625
0.8 0.16
0.7 0.162921
0.6 0.163522
0.5 0.169014
0.5 0.173228
0.4 0.20354
0.4 0.188119
