103.0 0.177465
102.1 0.181909
93.7 0.200098
85.2 0.215398
77.6 0.232294
75.6 0.239038
70.9 0.251465
64.4 0.272878
58.7 0.296364
53.5 0.318046
50.4 0.333737
48.7 0.341144
44.3 0.364622
40.4 0.386911
36.7 0.407296
33.7 0.42532
33.4 0.429141
31.5 0.434467
29.8 0.438268
28.2 0.442834
26.6 0.441924
25.1 0.446876
23.7 0.438184
22.5 0.411275
22.4 0.406239
21.1 0.372429
19.9 0.333206
18.8 0.276854
17.8 0.227068
16.8 0.180205
15.0 0.151322
10.0 0.130335
6.7 0.136
4.5 0.13858
3.0 0.152564
2.8 0.150134
2.4 0.152488
2.0 0.154143
1.7 0.16129
1.4 0.185596
1.2 0.201987
1.0 0.206349
0.8 0.228571
0.7 0.245714
0.6 0.253425
