58.5 0.331185
57.0 0.335955
58.5 0.327386
57.4 0.327769
58.2 0.333659
54.7 0.349413
58.5 0.332042
58.3 0.329697
58.1 0.335181
55.9 0.358512
51.3 0.387554
46.7 0.422298
42.5 0.453624
38.7 0.489673
35.2 0.532799
32.1 0.572023
29.2 0.611909
26.5 0.657698
24.2 0.704574
22.0 0.738972
20.0 0.774372
18.2 0.808697
16.6 0.823908
15.7 0.828163
15.1 0.818802
14.9 0.810478
14.0 0.793958
13.7 0.775368
13.2 0.75879
12.5 0.696886
12.5 0.708435
11.8 0.616429
11.4 0.573011
11.1 0.521069
10.5 0.407112
10.3 0.381322
9.9 0.312813
9.4 0.237941
9.4 0.242264
8.8 0.207075
8.3 0.20064
7.9 0.200871
7.6 0.197077
7.4 0.192505
7.0 0.199021
6.6 0.204035
6.3 0.203748
6.3 0.200855
5.9 0.199741
5.6 0.195205
5.3 0.198839
5.3 0.20915
4.4 0.197563
3.7 0.199166
3.1 0.206508
2.5 0.223724
2.1 0.206835
1.9 0.236948
1.3 0.27027
0.9 0.300448
0.6 0.342282
0.4 0.454545
