0.4 0 0 0 0 0
0.6 0 0 0 0 0
0.7 0 0 0 0 0
0.8 0 0 0 0 0
0.9 0 0 0 0 0
1 0 0 0 0 0
1.2 0 0 0 0 0
1.3 0 0 0 0 0
1.4 0 0 0 0 0.299401
1.5 0 0 0.276243 0 0.299401
1.7 0 0 0.276243 0 0.299401
1.9 0 0 0.229885 0 0.299401
2 0 0 0.229885 0 0.4
2.1 0 0 0.383877 0 0.4
2.2 0 0 0.383877 0 0.536673
2.4 0 0 0.383877 0 0.536673
2.5 0 0 0.479233 0 0.536673
2.8 0 0 0.479233 0 0.597015
3 0 0 0.533333 0 0.597015
3.1 0 0 0.510204 0 0.597015
3.3 0 0 0.510204 0 0.621891
3.7 0 0 0.510204 0.455063 0.621891
4.2 0 0 0.510204 0.455063 0.621762
4.4 0 0.179856 0.510204 0.455063 0.621762
4.5 0 0.179856 0.510204 0.455063 0.777202
5 0 0.179856 0.595238 0.455063 0.777202
5.3 0 0.179856 0.595238 0.60698 0.777202
6.3 0 0.239952 0.595238 0.60698 0.791937
6.7 0 0.239952 0.595238 0.60698 0.779844
7.4 0 0.239952 0.737379 0.60698 0.779844
7.5 0 0.257069 0.737379 0.60698 0.779844
7.6 0 0.257069 0.737379 0.657562 0.779844
8.9 0 0.257069 0.737379 0.657562 0.8
9.4 0 0.300043 0.737379 0.68328 0.8
10 0 0.300043 0.737379 0.68328 0.844051
10.3 0 0.300043 0.75643 0.68328 0.844051
10.4 0 0.300043 0.75643 0.68328 0.95064
10.6 0 0.300043 0.75643 0.694698 0.95064
11.4 0 0.321543 0.75643 0.69837 0.95064
12.5 0 0.321543 0.75643 0.726392 0.931161
12.8 0 0.321543 0.75643 0.726392 0.968523
13.7 0 0.327771 0.75643 0.726392 0.968523
13.8 0 0.327771 0.75643 0.726392 0.963656
15 0 0.327771 0.75643 0.688326 0.963656
15.1 0 0.327771 0.807265 0.688326 0.963656
15.1 0 0.327771 0.807265 0.77597 0.963656
15.3 0 0.327771 0.807265 0.77597 0.951189
16.6 0 0.347653 0.807265 0.796722 0.951189
18.2 0 0.347653 0.807265 0.796722 0.97883
18.3 0 0.347653 0.807265 0.796722 0.993583
18.4 0 0.347653 0.807265 0.765887 0.993583
18.7 0 0.331194 0.807265 0.765887 0.993583
19 0 0.331194 0.807265 0.765887 0.993583
20 0 0.331194 0.814462 0.765887 0.993583
20.1 0 0.331194 0.814462 0.765887 1.09228
20.9 0 0.331194 0.814462 0.809793 1.09228
22 0 0.345304 0.812861 0.809793 1.09228
22.1 0 0.345304 0.812861 0.809793 0.959397
22.4 0 0.345304 0.812861 0.82234 0.959397
23 0 0.345304 0.812861 0.82234 0.959397
24.2 0 0.345304 0.85442 0.842302 0.959397
25.3 0 0.345304 0.85442 0.842302 1.10747
26.4 0 0.345304 0.853038 0.842302 1.10747
26.5 0 0.359971 0.853038 0.842302 1.10747
26.6 0 0.359971 0.853038 0.842302 1.32046
26.9 0 0.359971 0.853038 0.766719 1.32046
27.7 0 0.359971 0.853038 0.766719 1.32046
29.2 0 0.359971 0.886162 0.827729 1.32046
30.5 0 0.359971 0.886162 0.827729 0.957062
31.7 0 0.359971 0.793552 0.827729 0.957062
32.1 0 0.383969 0.793552 0.827729 0.957062
32.2 0 0.383969 0.793552 0.827729 1.00012
33.4 0 0.383969 0.793552 0.800094 1.00012
35.2 0 0.383969 0.892655 0.800094 1.00012
35.4 0 0.383969 0.892655 0.800094 1.15557
36.7 0 0.383969 0.892655 0.791783 1.15557
38 0 0.383969 0.896076 0.791783 1.15557
38.7 0 0.39996 0.896076 0.791783 1.15557
38.8 0 0.39996 0.896076 0.791783 1.04136
40.1 0 0.39996 0.896076 0.905109 1.04136
40.4 0 0.397577 0.896076 0.905109 1.04136
42.5 0 0.397577 0.824202 0.905109 1.04136
42.6 0 0.397577 0.824202 0.905109 1.16145
44 0 0.397577 0.824202 0.824541 1.16145
44.3 0 0.388467 0.824202 0.824541 1.16145
46.3 0 0.388467 0.819183 0.824541 1.16145
46.7 0 0.388467 0.819183 0.824541 1.16145
46.8 0 0.388467 0.819183 0.824541 1.16964
48.3 0 0.388467 0.819183 0.846979 1.16964
48.5 0 0.401196 0.819183 0.846979 1.16964
48.7 0 0.401196 0.819183 0.846979 1.07953
51.3 0 0.401196 0.900901 0.846979 1.07953
51.6 0 0.401196 0.900901 0.846979 1.13661
53 0 0.401196 0.900901 0.813962 1.13661
53.2 0 0.386986 0.900901 0.813962 1.13661
53.5 0.00686625 0.386986 0.900901 0.813962 1.1518
55.6 0.00686625 0.386986 0.92573 0.813962 1.1518
55.9 0.00686625 0.386986 0.92573 0.813962 1.1518
56.6 0.00686625 0.386986 0.92573 0.813962 1.59333
57.7 0.00686625 0.386986 0.92573 0.973333 1.59333
58.1 0.00686625 0.386986 0.92573 0.973333 1.209396
58.7 0.00686625 0.411576 0.92573 0.973333 1.209396
58.8 0.00686625 0.411576 0.932776 0.973333 1.209396
62.8 0.00686625 0.411576 0.932776 0.973333 1.40795
63.7 0.00686625 0.411576 0.932776 1.06798 100
64.4 0.0114666 0.405728 0.932776 1.06798 100
66.5 0.0114666 0.405728 0.956236 1.06798 100
69.9 0.0114666 0.405728 0.956236 1.06798 100
69.9 0.0114666 0.402065 0.956236 1.06798 100
71 0.0114666 0.402065 0.956236 0.853178 100
75.3 0.0114666 0.402065 0.784 0.853178 100
76.5 0.0114666 0.402065 0.784 0.985984 100
77.6 0.0143995 0.402285 0.784 100 100
79.5 0.0143995 0.402285 0.841931 100 100
83.8 0.0143995 0.402285 0.841931 100 100
85.2 0.0143995 0.403463 0.841931 100 100
91.9 0.0143995 0.403463 0.899942 100 100
93.7 0.0159994 0.421592 0.899942 100 100
95.4 0.0159994 0.421592 0.851012 100 100
100.8 0.0159994 0.421592 0.851012 100 100
102 0.0159994 0.429395 0.851012 100 100
102.7 0.0159994 0.429395 0.971657 100 100
103 0.0159994 0.429395 4.36744 100 100
103.8 0.0159994 0.429395 23.3112 100 100
104.2 0.0159994 0.429395 31.3797 100 100
110.6 0.0171662 0.429395 45.4704 100 100
111.1 0.0171662 0.422289 100 100 100
121.2 0.0156666 0.422289 100 100 100
121.7 0.0156666 0.435532 100 100 100
132.5 0.0171999 0.435532 100 100 100
133 0.0171999 0.41853 100 100 100
144.1 0.0184332 0.41853 100 100 100
144.8 0.0184332 0.423963 100 100 100
158 0.0191998 0.423963 100 100 100
158.9 0.0191998 0.347997 100 100 100
159.8 0.0197998 0.347997 100 100 100
173.3 0.0199996 28.2433 100 100 100
190.7 0.0201661 100 100 100 100
208 0.02 100 100 100 100
228.8 0.0199328 100 100 100 100
248.7 0.0209993 100 100 100 100
272.4 0.0207998 100 100 100 100
293.3 0.0215998 100 100 100 100
317.7 4.27446 100 100 100 100
327.8 12.971 100 100 100 100
