58.5 313.67
57.0 353.153
58.5 343.328
57.4 426.77
58.2 330.212
54.7 372.781
58.5 322.736
58.3 290.496
58.1 182.245
55.9 34.4082
51.3 13.7057
46.7 10.0614
42.5 7.72147
38.7 6.70299
35.2 11.0462
32.1 5.09674
29.2 4.54701
26.5 4.24288
24.2 3.94763
22.0 3.5762
20.0 3.34311
18.2 3.19088
16.6 2.93448
15.1 2.63179
13.7 2.34612
12.5 2.12958
11.4 1.83048
10.3 1.50609
9.4 1.20592
7.6 1.08367
6.3 1.09069
5.3 1.09507
4.4 1.10009
3.7 1.1074
3.1 1.12015
2.5 1.14264
2.1 1.14029
1.9 1.16667
1.3 1.1982
0.9 1.22422
0.6 1.25503
0.4 1.31313
