327.8 0.0441182
327.8 0.0417854
327.8 0.0394811
327.8 0.0371485
327.8 0.0348275
327.8 0.034207
327.8 0.0341737
317.7 0.033415
293.3 0.0339757
272.4 0.0363084
248.7 0.0407631
228.8 0.0456091
208.0 0.0516906
190.7 0.0579504
173.3 0.0650882
158.9 0.0721813
144.8 0.07933
133.0 0.0853833
121.7 0.0919148
111.1 0.0982419
95.4 0.104573
79.5 0.10494
66.5 0.0922592
63.6 0.0865939
59.0 0.0757341
55.6 0.0666072
54.8 0.0635407
50.9 0.0510051
47.1 0.037262
46.3 0.0351556
43.7 0.0262009
40.6 0.0222786
38.7 0.0206196
37.6 0.0204702
34.9 0.0205554
32.3 0.0208874
32.2 0.0212993
26.9 0.0227176
22.4 0.0192471
18.7 0.0183899
4.4 0.0235808
3.7 0.0236382
3.2 0.019347
2.7 0.0128023
2.3 0.0167504
1.9 0.0216535
1.7 0.0185615
1.4 0.0245232
1.2 0.022508
1.0 0.0188679
0.9 0.0177778
0.7 0.0104712
0.6 0.0185185
0.5 0.0217391
0.5 0.017094
0.4 0.02
