75.3 0.255052
69.9 0.279505
62.8 0.305901
56.6 0.336004
51.6 0.364261
46.8 0.390986
42.6 0.420615
38.8 0.459045
37.8 0.464992
35.4 0.489862
32.1 0.523663
29.2 0.556208
26.6 0.588496
25.2 0.603055
24.2 0.612081
22.1 0.635861
20.1 0.628631
18.3 0.609512
16.8 0.599819
16.6 0.582148
15.8 0.534591
15.1 0.492432
14.3 0.440926
13.8 0.377322
13.1 0.300789
12.5 0.243902
11.9 0.205145
11.4 0.186537
11.2 0.181448
10.8 0.176741
10.4 0.177467
9.8 0.16563
9.4 0.157426
8.9 0.164103
8.1 0.167293
7.5 0.165988
7.4 0.158574
6.7 0.15975
6.1 0.161875
5.6 0.164948
5.1 0.160242
5.0 0.167939
4.6 0.167082
4.2 0.167276
3.8 0.168675
3.5 0.178808
3.3 0.187429
3.1 0.172539
2.9 0.178905
2.6 0.182085
2.4 0.183871
2.2 0.188356
2.2 0.184725
2.0 0.19883
1.8 0.201717
1.6 0.198582
1.5 0.204604
1.5 0.202073
1.3 0.213675
1.2 0.222571
1.1 0.224138
1.0 0.231939
0.9 0.242678
0.8 0.243119
0.8 0.247475
0.7 0.25
0.6 0.294479
0.6 0.302013
0.5 0.311111
0.5 0.317073
0.4 0.369369
0.4 0.376238
