15.8 1.51318
14.3 1.34637
13.1 1.10228
11.9 0.92189
10.8 0.857597
9.8 0.840653
8.9 0.826143
8.1 0.827619
7.4 0.821373
6.7 0.828977
6.1 0.830731
5.6 0.837912
5.1 0.834592
4.6 0.847176
4.2 0.846575
3.8 0.84654
3.5 0.858875
3.1 0.851942
2.9 0.866667
2.6 0.878299
2.4 0.877617
2.2 0.879433
2.0 0.889105
1.8 0.895075
1.6 0.896226
1.5 0.912145
1.3 0.914773
1.2 0.928125
1.1 0.917526
1.0 0.92803
0.9 0.933333
0.8 0.926941
0.8 0.949749
0.7 0.933702
0.6 0.957317
0.6 0.96
0.5 0.963235
0.5 0.967742
0.4 1.01786
0.4 1.01961
